20040
13740
62000
18000
35000
27000
14400
25000
60050
39418
87000
60000
13100
11432
59000
13000
85000
35000
32000
26812
93500
28000
52000
24000
10000
31884
80000
9100
50000
30000
56750
37000
36000
60100
12700
90000
86000
7500
85000
32640
60000
14800
55503
15600
47000
42000
30000
14576
21772
45800
20000
22906
46000
25000
26000
37000
20000
79000
8544
49000
22000
14000
12000
55000
60600
10200
18744
9000
42000
50000
13200
61000
42000
31260
22000
38000
35000
15950
72000
45883
30000
20000
60000
9600
35000
30000
34600
69600
21500
29800
30000
9000
15000
25200
11400
9426
57000
9804
25000
64300
41000
72000
21000
28000
25000
33000
11500
16884
