7620
6228
8568
9420
17640
4668
7260
5820
2796
4212
10044
6600
7056
7944
20760
6180
5460
11424
10464
6024
10320
11640
11736
5664
6960
7812
8400
3828
7620
5928
17376
6108
8940
10104
8400
11004
8940
6144
13200
7980
7176
5604
2868
8820
9000
5304
4944
6372
4680
9000
6792
6408
5820
10320
12180
10140
5352
6660
4356
8100
5040
5400
4104
5172
14160
4224
5052
5616
10860
12168
5268
6456
5940
9048
6168
9120
4092
9372
15660
10296
6564
3840
25740
2736
3408
5880
4884
7920
6192
4560
8520
6576
7176
8280
6528
4740
6024
5340
6000
8688
9000
7332
8484
5760
8220
6528
6600
4632
